01 03
01 04
01 05
01 06 
01 49 
01 60
01 118
01 208 
02 01
02 30
02 31
02 33
02 38
02 65
02 67
02 73
02 79
02 82
02 89
02 105
02 195
02 209
03 02
03 08
03 21
03 158
03 166
04 08
05 01
05 02
05 08
05 48
05 51
05 165
05 188
05 189
06 08
06 16
06 18
06 23
07 01
07 08
07 48
07 51
08 09
08 10
08 11
08 25
08 58
08 60
08 61
08 71
08 118
08 134
08 136
08 138
08 142
09 16
09 17
09 18
09 21
09 23
09 165
09 166
09 172
10 12
10 14
10 15
10 22
10 27
10 159
10 163
10 165
11 12
11 26
12 03
12 10
12 11
13 12
13 22
13 26
13 27
13 28
15 11
15 13
17 05
17 06
18 06
18 20
19 06
19 09
20 19
21 05
21 08
21 10
21 11
21 13
21 166
21 176
21 177
21 178
21 182
22 03
22 05
22 09
22 21
22 105
22 130
22 146
22 155
22 162
22 164
22 171
23 22
23 24
26 10
27 11
29 07
29 31
30 29
31 01
31 32
31 53
33 34
33 35
33 41
33 50
35 36
36 05
36 34
36 37
37 01
37 02
37 39
38 41
39 40
40 02
41 01
41 40
41 42
41 43
41 44
41 45
42 39
43 39
44 02
45 46
46 41
46 47
47 33
48 31
48 37
48 38
48 54
48 73
48 83
48 96
48 97
48 98
48 104
48 210
48 215
49 44
49 48
49 143
49 149
50 01
50 22
50 137
50 138 
51 30
51 31
51 52
51 55
51 62
51 65
51 70
52 53
53 54
54 51
55 02
55 29
55 32
55 53
55 56
56 31
57 08
58 57
58 59
58 60
58 71
59 08
60 02
60 29
60 121
60 124
60 127
60 183
60 194
60 211
61 58
62 02
62 29
63 29
63 64
64 65
65 29
65 68
66 65
67 66
68 63
69 51
70 68
71 72
72 115
72 117
72 118
73 08
73 72
73 95
74 73
74 75
74 106
75 01
75 85
75 88
76 73
76 75
77 73
77 78
77 79
77 83
77 105
77 109
77 111
77 112
78 76
79 76
79 80
79 81
80 73
80 83
80 109
80 110
81 73
82 80
83 01
83 74
83 84
83 94
83 97
84 105
84 106
85 86
86 76
87 74
87 76
87 85
88 87
88 89 
89 01
89 74
89 90
89 91
90 60
91 73
91 75
92 91
92 93
93 73
93 82
93 83
93 99
93 105
93 106
95 75
95 89
95 92
96 95
97 104
97 105
98 97
99 97
99 101
100 93
100 97
100 102
102 104
102 105
102 106
103 100 
104 02
104 93
104 103
104 107
105 01
105 08
105 72
105 94
105 120
105 121
105 197
105 198
106 01
106 02
106 77
106 108
107 83
108 109
110 108
111 84
112 74
113 58
113 105
113 116
113 117
114 105
115 113
115 121
117 114
117 116
118 119
119 113
120 122
121 122
121 126
121 128
121 129
121 130
121 132
121 133
122 113
123 121
123 124
124 125
125 123
126 22
126 127
127 115
127 122
128 22
129 22
130 131
130 174
130 176
130 182
131 132
132 22
133 21
133 132
134 12
136 50
137 136
139 01
139 08
140 08
140 50
140 141
141 50
142 22
142 152
143 21
143 145
143 148
144 152
145 01
145 146
145 147
145 148
146 49
146 143
147 49
149 144
149 145
150 144
151 152
151 153
151 166
152 154
153 03
153 130 
153 152
153 155
153 157
153 161
153 162
153 164
153 171 
154 157
154 159
154 166
154 167
155 154
155 156
156 157
157 158
157 159
158 160
159 03
159 160
160 153
160 166
161 158
161 159
161 166
162 158
162 159
162 163
162 166
162 168
163 164
164 165
165 130
165 162
165 169
165 171
165 175
166 05
166 10
166 180
167 03
168 10
169 166
169 170
170 171
171 166
171 172
171 189
173 165
173 166
174 175
176 179
177 130
178 60
178 130
178 179
179 153
179 165
179 177
179 180
179 183
179 191
180 60
180 181
181 21
181 130
182 180
183 21
183 171
183 180
183 184
183 187
185 183 
185 186
186 171
188 185 
188 187
189 190
190 188
191 183 
191 193
192 60 
192 179
193 179 
194 195 
194 196
195 01
195 199
195 200
195 205
195 206
195 207
197 195
198 195
200 196
200 203
201 196
202 200
202 201
203 195 
203 204
204 205
205 22
207 208
208 195
209 195
210 211
211 212
211 215
211 216
212 48
212 213 
213 214
214 212
215 213
216 217
217 212
217 219
218 212
218 219 
220 149
220 150
220 151
220 223
221 151
221 224
221 223
221 225
221 226
221 227
221 05
222 149
222 228
222 229
222 230
222 151
222 231 
222 223
223 224
225 235
225 232
225 234
225 05
225 262
226 227
227 05
228 149
229 149
230 149
231 149
232 233
232 236
232 237
232 239
232 241
232 244
233 234
234 236
235 236
236 262
236 05
238 239
239 240
239 243
239 246
240 241
241 149
241 245
241 242
241 243
241 246
242 244
245 246
247 183
247 257
247 248
247 261
247 246
248 05
249 183
249 257
249 260
249 50
249 246
249 255
250 183
251 183
251 252
251 253
251 254
251 256
251 255
252 255
253 255
254 256
254 255
254 60
255 183
257 258
257 259
258 261
259 261
260 261
260 246
263 246 
263 149
263 266
263 267
263 269
263 273
263 276
263 277
263 264
264 278
264 306 
264 279
264 280 
264 05
264 265
265 353
265 354
265 322
265 331 
265 329
265 332 
265 321 
265 60 
265 246
266 271
267 271
267 268
267 283
267 274
268 246
269 270
269 271
269 274
269 275
269 276
270 273
270 274
270 275
271 246
271 272
271 273
271 274
272 274
274 283
274 246
275 282
275 288
275 283
276 298
276 297
276 282
276 296
276 294
276 295
276 288
277 298
278 301
278 302
278 303
278 305
279 292
279 299
279 300
279 301
279 302
279 304
279 303
279 305
279 343
279 344
279 281
280 281
281 345
281 05
283 284
283 285
283 286
283 287
283 05
284 246
284 289
284 352
284 290
284 351
284 291
285 352
285 351
286 352
286 351
287 352
287 351
287 350
287 349
287 317
288 289
288 290
288 292
288 293
288 291
291 315
291 317
292 296
292 297
292 316
292 315
292 294
292 295
293 315
297 299
298 299
298 300
298 301
298 302
298 303
301 297
301 316
301 315
302 297
303 297
304 297
305 306
305 307
305 311
305 308
305 309
305 310
305 345
306 344
308 344 
308 343
309 343
310 343
311 314
311 313
311 305
312 318
312 347
312 346
312 314
312 313
313 345 
314 315
314 319
314 345
314 320
314 05
315 318
317 351
317 350
317 349
317 318
317 348
317 05
318 319
320 347
320 346
321 334
321 342
321 246
322 05
322 323
322 324
322 326
322 353
322 354
323 05
324 05
324 325
325 327
325 328
326 354
326 327
326 330
326 328
326 329
326 332
326 334
326 340
328 05
329 05
329 333
329 331
330 331
331 354
331 332
332 335
333 334
333 340
334 05 
334 336
334 337
334 335
334 338
334 339
335 05
335 342
335 341
336 340
337 340 
338 341
339 342
339 341
340 05
343 345
347 348
347 05
348 349
351 05
352 05
355 246 
355 265 
355 360
265 362  
265 363  
265 364  
265 365  
265 366  
265 367  
265 368  
265 357  
355 404  
355 405  
355 406  
355 407  
355 408  
355 409  
355 410  
355 411  
355 412  
355 413  
355 414  
355 356  
357 376  
357 377  
357 378  
357 379  
357 373  
357 374  
357 380  
357 358  
358 381  
358 382  
358 360  
360 375  
360 374  
360 373  
360 372  
360 371  
360 370  
360 369  
360 361  
362 361  
362 383  
362 369  
363 383  
364 385  
364 383  
364 369  
364 370  
364 371  
365 385  
365 386  
365 371  
365 387  
365 388  
365 389  
365 373  
366 376  
366 386  
366 371  
366 378  
366 388  
366 390  
366 373  
367 376  
368 376  
368 386  
368 391  
368 377  
368 378  
371 384  
371 397  
372 384  
373 384  
373 398  
373 381  
373 396  
374 375  
374 398  
374 401  
374 381  
374 402  
374 403  
375 382  
375 400  
381 380  
376 377  
376 392  
377 386  
377 391  
377 393  
377 392  
378 394  
378 395  
379 396  
380 403  
380 402  
380 381  
380 401  
380 400  
384 387  
384 389  
385 397  
386 393  
386 392  
387 399  
389 399  
390 395  
390 396  
400 401  
356 414  
356 429  
356 430  
356 431  
356 432  
356 434  
356 435  
356 436  
356 437  
356 438  
356 425  
356 439  
356 359  
359 360  
359 427  
360 420  
360 409  
360 421  
360 423  
360 424  
360 425  
360 426  
404 440  
404 441  
404 415  
405 440  
405 441  
405 415  
406 440  
406 415  
407 415  
408 415  
408 442  
408 443  
408 444  
408 419  
408 445  
408 446  
408 420  
408 447  
408 409  
409 448  
409 449  
409 443  
409 411  
409 444  
409 434  
409 450  
409 451  
409 438  
410 448  
411 448  
411 452  
412 448  
413 448  
413 444  
413 428  
413 452  
413 453  
413 454  
413 455  
413 456  
413 457  
413 458  
413 434  
414 428  
415 459  
417 360  
418 360  
418 417  
417 360  
419 438  
419 460  
420 438  
420 460  
420 461  
420 445  
420 444  
420 462  
420 443  
420 442  
420 449  
420 448  
421 438  
422 434  
422 455 
422 431 
423 438  
423 434  
423 455  
424 438  
425 463  
425 464  
425 465  
425 466  
425 426  
426 439  
426 427  
426 463  
429 453  
429 430  
429 455  
429 457  
429 434  
429 450  
474 475
474 478
474 479
474 476
475 480
475 481
475 482
475 483
475 484
475 485
475 486
475 487
475 488
475 489
475 490
475 491
475 492
475 493
475 494
475 495
475 496
475 497
475 498
476 499
476 500
476 501
476 502
476 484
476 503
476 504
476 505
476 486
476 506
476 491
476 507
476 508
476 509
476 510
476 511
476 496
476 512
476 513
477 474
477 514
477 515
477 516
477 517
484 476
514 515
518 519
520 519
520 521
515 521
522 523
519 524
521 525
524 519
526 527
526 528
529 530
529 531
529 533
529 534
529 531
519 535
531 532
491 529
491 526
491 536
491 537
491 538
491 476
535 539
535 540
535 541
535 538
538 542
538 491
538 543
538 544
540 545
515 477
515 521
546 547
546 548
546 549
546 550
551 476
551 552
551 553
551 554
551 555
551 556
551 557
551 558
551 559
551 560
551 561
551 477
549 554
549 555
549 558
549 559
549 560
558 562
558 563
558 564
558 565
558 549 
558 551
558 566
558 496
557 566
556 566
555 566
554 566
553 566
567 568
567 569
567 570
567 571
567 572
567 513
573 570
573 574
573 575
573 576
573 578
573 579
573 513
568 580
568 567
568 581
568 582
568 583
568 584
568 496
583 568
583 585
583 586
555 563
555 587
555 588
555 551
555 566
589 533
589 530
589 534
590 521
590 527
591 474
591 514
591 595
591 596
591 597
597 477
597 521
597 598
597 599
597 600
601 475
601 602
601 603
601 604
601 605
601 606
601 607 
601 608
601 609 
601 610
601 611
601 612
601 613
601 614
601 615
604 513
604 616
604 617
604 618 
604 619
604 496
604 620
604 621
604 622
604 623
604 491
624 623
624 622
624 621
624 625
477 626
477 627
477 628
477 629
477 630
477 631
477 632
477 633
477 630
477 491
477 634
477 635
477 636
477 637
477 638
477 639
477 640
477 641
626 642
626 433
626 643
626 644
626 645
626 646
626 647
626 648
627 642
627 643
628 642
628 643
628 644
629 642
629 643
629 644
629 645
630 642
630 643
630 645
630 649
631 642
631 642
631 649
631 650
631 651
631 652
631 648
653 654
653 655 
653 656
653 657
653 658
653 659
653 660
653 661
653 662
653 636
653 663
653 664
653 665 
653 666
653 667
653 668
653 669
653 670
671 672
671 673
671 674
671 654
654 653
654 675
654 676
654 677
654 678
654 679
654 680
654 681
654 682 
654 683
654 636
680 654
680 684
680 685
680 686
680 687
680 688
680 653
648 689
648 690
648 691
648 692
648 693
648 694
648 695
648 696
648 697 
648 698
648 699
648 700
648 701
648 702 ##
01 03
01 04
01 05
01 06 
01 49 
01 60
01 118
01 208 
02 01
02 30
02 31
02 33
02 38
02 65
02 67
02 73
02 79
02 82
02 89
02 105
02 195
02 209
03 02
03 08
03 21
03 158
03 166
04 08
05 01
05 02
05 08
05 48
05 51
05 165
05 188
05 189
06 08
06 16
06 18
06 23
07 01
07 08
07 48
07 51
08 09
08 10
08 11
08 25
08 58
08 60
08 61
08 71
08 118
08 134
08 136
08 138
08 142
09 16
09 17
09 18
09 21
09 23
09 165
09 166
09 172
10 12
10 14
10 15
10 22
10 27
10 159
10 163
10 165
11 12
11 26
12 03
12 10
12 11
13 12
13 22
13 26
13 27
13 28
15 11
15 13
17 05
17 06
18 06
18 20
19 06
19 09
20 19
21 05
21 08
21 10
21 11
21 13
21 166
21 176
21 177
21 178
21 182
22 03
22 05
22 09
22 21
22 105
22 130
22 146
22 155
22 162
22 164
22 171
23 22
23 24
26 10
27 11
29 07
29 31
30 29
31 01
31 32
31 53
33 34
33 35
33 41
33 50
35 36
36 05
36 34
36 37
37 01
37 02
37 39
38 41
39 40
40 02
41 01
41 40
41 42
41 43
41 44
41 45
42 39
43 39
44 02
45 46
46 41
46 47
47 33
48 31
48 37
48 38
48 54
48 73
48 83
48 96
48 97
48 98
48 104
48 210
48 215
49 44
49 48
49 143
49 149
50 01
50 22
50 137
50 138 
51 30
51 31
51 52
51 55
51 62
51 65
51 70
52 53
53 54
54 51
55 02
55 29
55 32
55 53
55 56
56 31
57 08
58 57
58 59
58 60
58 71
59 08
60 02
60 29
60 121
60 124
60 127
60 183
60 194
60 211
58 57